1061
1057
1048
1071
1050
1080
1009
1054
1045
1095
1044
1047
1075
1047
1069
1025
1035
1095
1045
1058
1017
1045
1016
1032
1070
1035
1016
1023
1058
1040
1032
1036
1081
1051
1031
1079
1056
1039
1049
1046
1035
1055
1037
1048
1056
1046
1075
1055
1073
1099
1034
1086
1033
1038
1046
1044
1040
1051
1037
1040
1080
1060
1031
1029
1041
1032
1040
1085
1102
1098
1066
1048
1043
1037
1083
1014
1014
1060
1069
1063
1057
1061
1060
1061
1039
1087
1079
1088
1029
1039
1090
1036
1073
1040
1017
1040
1056
1059
998
1040